90 9
10 19 8 15 10 60 12 36 28
10 18 7 17 20 45 15 69 3
13 16 9 14 30 87 9 5 12
12 19 8 18 1 25 64 85 31
14 17 10 19 0 12 36 1 0
10 19 8 15 5 36 2 14 85
10 18 7 17 6 3 17 8 9
13 16 9 14 7 14 64 20 35
12 19 8 18 8 18 9 23 5
14 17 10 19 45 14 16 2 0
10 19 8 15 10 60 12 36 28
10 18 7 17 20 45 15 69 3
13 16 9 14 30 87 9 5 12
12 19 8 18 1 25 64 85 31
14 17 10 19 0 12 36 1 0
10 19 8 15 5 36 2 14 85
10 18 7 17 6 3 17 8 9
13 16 9 14 7 14 64 20 35
12 19 8 18 8 18 9 23 5
14 17 10 19 45 14 16 2 0
10 19 8 15 10 60 12 36 28
10 18 7 17 20 45 15 69 3
13 16 9 14 30 87 9 5 12
12 19 8 18 1 25 64 85 31
14 17 10 19 0 12 36 1 0
10 19 8 15 5 36 2 14 85
10 18 7 17 6 3 17 8 9
13 16 9 14 7 14 64 20 35
12 19 8 18 8 18 9 23 5
14 17 10 19 45 14 16 2 0
10 19 8 15 10 60 12 36 28
10 18 7 17 20 45 15 69 3
13 16 9 14 30 87 9 5 12
12 19 8 18 1 25 64 85 31
14 17 10 19 0 12 36 1 0
10 19 8 15 5 36 2 14 85
10 18 7 17 6 3 17 8 9
13 16 9 14 7 14 64 20 35
12 19 8 18 8 18 9 23 5
14 17 10 19 45 14 16 2 0
10 19 8 15 10 60 12 36 28
10 18 7 17 20 45 15 69 3
13 16 9 14 30 87 9 5 12
12 19 8 18 1 25 64 85 31
14 17 10 19 0 12 36 1 0
10 19 8 15 5 36 2 14 85
10 18 7 17 6 3 17 8 9
13 16 9 14 7 14 64 20 35
12 19 8 18 8 18 9 23 5
14 17 10 19 45 14 16 2 0
10 19 8 15 10 60 12 36 28
10 18 7 17 20 45 15 69 3
13 16 9 14 30 87 9 5 12
12 19 8 18 1 25 64 85 31
14 17 10 19 0 12 36 1 0
10 19 8 15 5 36 2 14 85
10 18 7 17 6 3 17 8 9
13 16 9 14 7 14 64 20 35
12 19 8 18 8 18 9 23 5
14 17 10 19 45 14 16 2 0
10 19 8 15 10 60 12 36 28
10 18 7 17 20 45 15 69 3
13 16 9 14 30 87 9 5 12
12 19 8 18 1 25 64 85 31
14 17 10 19 0 12 36 1 0
10 19 8 15 5 36 2 14 85
10 18 7 17 6 3 17 8 9
13 16 9 14 7 14 64 20 35
12 19 8 18 8 18 9 23 5
14 17 10 19 45 14 16 2 0
10 19 8 15 10 60 12 36 28
10 18 7 17 20 45 15 69 3
13 16 9 14 30 87 9 5 12
12 19 8 18 1 25 64 85 31
14 17 10 19 0 12 36 1 0
10 19 8 15 5 36 2 14 85
10 18 7 17 6 3 17 8 9
13 16 9 14 7 14 64 20 35
12 19 8 18 8 18 9 23 5
14 17 10 19 45 14 16 2 0
10 19 8 15 10 60 12 36 28
10 18 7 17 20 45 15 69 3
13 16 9 14 30 87 9 5 12
12 19 8 18 1 25 64 85 31
14 17 10 19 0 12 36 1 0
10 19 8 15 5 36 2 14 85
10 18 7 17 6 3 17 8 9
13 16 9 14 7 14 64 20 35
12 19 8 18 8 18 9 23 5
14 17 10 19 45 14 16 2 0
